1000 56
403 474 971 62 896 310 789 689 869 955 767 862 908 730 628 485 952 940 275 88 206 987 145 860 408 198 327 697 414 550 991 951 227 638 168 132 60 788 93 158 907 378 556 484 639 983 446 466 925 105 871 164 555 749 604 898 502 773 121 211 653 309 888 607 963 271 841 811 87 653 233 595 452 197 490 339 965 799 580 948 347 592 444 898 362 727 308 670 398 868 330 715 79 660 415 254 300 898 144 180 58 854 329 662 645 624 674 282 568 592 379 853 504 645 224 406 881 348 173 355 495 370 259 413 834 163 473 964 640 229 256 321 186 295 760 69 144 77 115 775 954 554 78 119 739 70 792 229 182 303 644 190 473 738 210 962 865 238 632 772 726 511 974 106 646 294 343 167 768 121 944 647 384 574 649 417 780 152 719 854 87 288 453 176 254 656 329 600 207 882 875 293 457 581 644 459 197 476 697 218 778 700 945 691 328 571 943 513 157 318 643 502 104 431 651 502 221 593 490 363 930 106 602 469 347 920 822 420 433 585 144 186 314 699 151 898 609 957 915 969 892 407 273 266 793 401 984 832 689 137 292 207 92 85 933 456 200 395 293 234 776 462 722 613 649 586 183 172 195 224 339 725 676 392 653 802 355 762 70 401 296 912 151 745 376 512 273 136 409 537 418 988 128 380 493 139 537 71 251 386 548 252 489 239 237 918 417 153 455 438 716 912 708 734 148 924 482 498 695 739 568 471 292 70 138 649 927 300 868 844 531 189 650 334 783 536 669 458 198 635 652 665 737 252 525 762 560 247 990 450 526 372 189 785 909 512 751 781 372 266 364 718 360 785 318 924 957 682 955 295 153 58 204 300 799 740 658 235 550 585 482 304 489 202 534 991 109 187 916 897 275 803 210 187 209 169 357 315 543 404 970 851 992 564 555 589 487 480 556 174 824 881 331 852 757 342 191 863 994 486 638 623 331 208 920 427 935 398 906 137 412 598 66 565 455 285 558 615 891 742 568 304 886 623 78 822 270 413 208 607 111 286 988 869 160 975 995 801 112 576 60 829 871 98 431 168 424 827 152 760 646 478 593 401 482 509 557 627 277 721 801 645 266 961 169 536 257 352 491 246 489 65 180 468 759 186 662 997 84 723 197 839 80 712 505 548 58 766 479 752 630 227 354 691 907 899 427 605 262 640 872 711 831 632 839 279 939 523 420 121 60 819 991 392 336 404 601 93 248 192 76 508 588 140 91 787 64 302 715 873 684 878 834 754 810 893 858 984 106 831 993 391 874 79 252 948 398 547 113 652 800 401 990 201 462 644 664 439 189 99 886 193 893 661 399 334 66 330 183 223 504 287 917 598 434 478 709 436 512 350 296 234 325 185 71 331 668 778 771 938 832 550 295 650 979 709 340 277 572 598 946 931 718 641 790 690 207 711 431 210 523 867 554 772 452 688 250 1000 925 722 300 538 128 914 770 456 190 810 252 329 596 453 725 418 571 837 224 598 476 341 994 147 457 728 804 949 547 196 998 848 156 101 800 755 346 776 646 823 808 323 67 97 60 665 898 566 867 420 800 413 935 952 373 477 368 879 347 304 488 893 745 58 711 935 355 65 357 680 282 689 882 62 426 832 196 838 608 745 991 231 619 678 836 208 335 629 803 696 359 936 805 772 528 183 410 576 815 926 910 410 405 133 262 601 190 667 570 119 239 187 557 137 912 984 708 167 263 655 840 808 78 944 449 678 543 318 704 188 481 967 937 225 753 728 170 442 322 913 199 496 866 278 331 983 813 687 834 193 423 68 953 386 266 776 728 747 188 746 792 427 226 91 381 199 931 340 345 213 876 689 105 996 578 965 693 915 653 727 757 686 319 254 993 152 980 517 611 692 776 326 763 739 626 866 405 561 663 250 141 987 557 101 567 202 299 554 118 398 511 938 500 291 528 156 615 977 602 672 918 568 477 839 384 932 496 245 365 344 376 378 541 791 964 266 901 173 378 113 240 890 292 372 939 393 666 452 863 555 887 313 369 429 402 130 346 964 493 630 759 243 507 770 975 230 69 571 682 848 276 538 956 552 521 565 218 846 315 899 638 98 95 236 906 819 889 845 392 278 337 767 722 561 995 923 850 768 267 176 168 306 280 328 469 190 743
916 912
705 637
774 395
148 167
652 223
460 380
674 466
801 710
349 342
715 310
600 375
602 817
366 814
993 84
136 648
548 140
516 989
272 900
684 512
713 570
480 741
946 923
823 85
900 232
196 118
796 543
602 548
670 400
347 932
772 849
329 149
123 704
831 808
671 949
653 635
479 666
153 505
316 316
116 316
403 647
187 977
285 370
188 858
477 968
472 949
499 130
220 489
312 474
261 408
796 934
111 936
206 590
973 585
248 355
507 654
