1000 72
371 510 659 156 448 723 184 748 240 462 87 373 958 740 917 613 82 214 699 420 567 373 446 979 400 424 753 828 952 408 652 844 155 589 563 675 346 853 706 168 809 526 840 287 336 285 869 615 250 522 466 753 838 200 574 561 470 713 328 714 928 874 391 466 569 494 76 740 597 244 633 200 731 105 801 288 827 143 74 913 615 251 283 782 228 961 922 817 598 150 722 305 340 996 939 660 742 200 664 556 540 302 728 616 190 178 788 883 249 806 659 661 774 760 869 405 556 257 857 257 162 642 932 864 694 99 567 489 579 222 353 683 643 863 437 258 618 408 744 356 973 712 617 877 601 543 725 703 103 876 484 826 262 283 717 97 640 439 549 346 801 73 77 584 749 737 169 708 973 835 725 491 432 643 862 433 579 749 859 415 191 707 163 776 140 874 659 161 250 166 278 344 465 534 532 253 845 421 970 966 553 776 281 310 108 102 404 637 544 361 315 772 343 481 917 981 626 855 707 373 75 467 780 720 935 356 145 883 654 415 191 516 271 339 236 303 224 228 682 537 468 814 265 254 656 778 160 824 453 968 876 693 919 831 158 834 471 628 323 632 569 251 140 643 503 528 693 898 261 876 296 235 839 227 280 441 778 344 626 758 331 638 734 307 487 300 379 847 715 791 366 126 483 428 441 559 372 713 347 448 477 353 704 100 800 736 879 445 232 441 232 107 799 955 196 844 527 855 775 529 178 303 594 635 413 548 789 409 854 211 933 703 77 321 171 595 740 375 652 407 193 786 943 799 174 536 543 616 214 882 637 852 762 130 859 634 185 777 857 843 126 946 928 746 368 339 663 965 509 785 779 748 967 225 754 966 295 184 680 583 759 911 529 841 900 801 473 620 841 852 205 201 895 316 470 622 677 982 171 912 252 439 415 393 828 238 99 841 223 867 355 276 623 88 882 554 579 810 304 210 716 574 838 453 556 262 537 109 183 978 411 579 770 331 668 897 578 119 196 974 602 935 236 703 135 487 546 367 893 95 851 770 188 628 250 736 491 452 771 902 962 501 804 588 932 266 873 745 330 904 101 417 95 669 380 222 94 374 339 764 379 682 383 203 439 432 658 230 291 80 183 984 451 292 499 324 178 701 731 278 982 647 523 163 550 783 884 692 527 299 439 896 713 719 149 240 876 88 394 758 659 614 763 499 146 330 903 159 224 754 558 496 428 624 685 779 999 694 515 294 513 485 936 504 746 205 990 136 186 386 889 421 402 505 473 881 636 684 174 162 77 986 423 711 270 544 321 368 349 645 155 201 628 785 575 461 697 519 565 401 659 108 786 263 298 108 90 287 517 800 528 187 578 956 290 441 87 821 197 785 277 466 924 190 104 425 602 772 941 347 988 620 367 923 866 158 187 220 947 669 551 382 340 804 702 770 640 549 661 970 161 375 595 77 405 791 949 323 745 194 322 359 344 347 617 148 310 105 509 269 664 82 959 649 207 820 294 667 320 332 259 576 638 483 164 759 533 510 422 369 174 81 456 232 782 417 409 290 951 957 955 332 871 1000 484 713 169 164 268 790 91 963 365 446 218 514 141 775 74 80 721 340 790 567 102 314 722 920 885 393 676 652 86 75 115 288 219 394 268 624 685 154 598 738 96 133 602 771 380 457 112 780 263 397 952 119 78 627 822 176 826 93 889 517 269 773 120 906 105 688 249 856 814 281 678 721 735 851 102 394 487 557 627 855 275 557 685 462 984 972 429 129 932 927 375 384 441 172 869 273 529 290 759 336 552 656 223 788 107 196 371 875 954 269 659 384 393 579 416 890 236 475 255 569 777 116 412 475 824 521 887 138 562 161 935 463 178 287 808 650 351 999 325 504 521 247 201 849 676 446 569 637 800 846 515 905 954 799 990 900 535 552 307 92 999 98 978 104 436 287 368 354 273 612 292 437 462 570 315 709 620 418 880 725 661 117 700 743 457 359 532 448 966 598 185 215 251 441 658 920 356 488 299 306 516 575 217 557 841 737 713 127 275 355 390 288 264 361 673 993 93 366 116 645 712 799 998 504 241 849 235 119 85 209 369 751 506 909 942 299 942 512 671 976 295 398 97 611 536
436 935
854 979
752 212
393 487
180 744
298 258
347 187
734 229
882 981
686 77
547 558
111 695
393 664
315 694
715 963
437 864
791 704
681 158
908 525
328 566
222 742
418 297
712 83
189 589
965 697
236 913
776 491
823 719
403 498
124 714
568 881
909 87
929 854
61 153
821 418
760 390
599 283
240 106
575 396
368 140
152 75
462 786
704 354
95 321
571 408
977 165
50 301
507 871
143 617
797 411
253 754
638 284
601 739
391 133
942 578
893 82
596 835
237 963
970 713
919 809
825 296
670 669
644 308
908 988
511 174
876 669
614 931
291 286
176 470
809 359
849 355
