1000 101
273 967 868 383 266 341 425 341 759 110 818 854 650 184 233 834 527 349 321 986 705 621 786 652 888 966 337 896 639 508 431 542 812 265 810 743 420 913 157 639 741 517 713 343 445 128 473 165 423 336 883 861 834 642 285 674 568 899 794 203 903 966 435 211 677 746 989 311 127 948 608 733 297 835 937 726 681 797 392 444 691 434 563 270 724 516 627 652 389 728 733 505 266 250 597 704 670 394 754 304 200 595 254 515 448 779 694 834 735 248 753 323 371 719 175 684 216 844 199 781 124 668 503 469 940 526 403 161 879 789 883 414 659 753 931 525 546 390 663 775 528 809 214 187 283 373 498 221 951 615 128 208 272 878 357 202 683 308 969 653 909 492 919 841 791 910 161 276 866 757 813 920 205 741 450 310 121 710 808 742 339 291 274 741 472 812 114 357 992 127 202 706 495 125 515 610 101 395 482 981 920 335 415 145 559 396 679 523 338 392 759 931 871 438 743 524 822 684 317 422 994 956 335 298 190 865 470 175 489 385 380 608 721 876 808 194 644 468 105 583 963 787 837 450 709 474 810 533 912 848 669 647 162 631 236 174 795 682 138 991 679 231 389 564 448 105 516 267 420 966 785 993 865 642 485 499 191 888 145 154 988 231 139 403 739 712 553 856 688 598 124 193 390 559 883 491 751 378 688 482 842 337 549 624 328 869 948 458 765 969 833 545 753 623 275 647 907 910 110 136 443 591 630 214 929 339 228 552 786 796 134 425 666 472 625 488 715 342 578 422 658 146 154 369 124 567 995 973 959 474 491 920 580 283 241 413 496 301 696 348 468 678 378 132 536 527 874 136 663 305 842 374 374 711 737 267 181 478 221 452 584 181 635 515 588 627 642 485 471 620 940 106 920 644 257 134 609 607 187 620 839 834 474 526 157 258 733 819 292 303 907 432 730 513 926 327 768 539 590 198 775 442 235 223 327 822 179 704 427 241 148 142 546 898 162 846 204 245 865 348 930 217 995 248 997 396 553 618 388 352 566 827 733 109 729 180 408 663 261 379 516 851 769 123 607 980 458 381 110 874 480 981 302 151 623 498 337 389 183 103 805 388 400 293 204 141 773 594 562 838 647 977 769 347 626 545 635 590 379 971 963 946 162 656 766 509 475 821 828 673 616 881 565 271 535 694 142 712 746 436 535 457 845 472 600 128 267 426 890 712 901 585 692 341 125 502 121 278 248 535 851 398 708 251 610 487 252 999 772 805 366 951 737 794 959 704 978 305 867 637 319 568 675 670 769 103 894 525 704 941 890 165 634 315 519 691 874 611 799 892 267 857 248 954 625 532 875 106 145 938 448 668 388 271 480 123 714 312 522 233 897 444 947 194 756 192 707 655 263 653 437 530 437 469 255 713 106 656 606 493 751 245 710 466 905 271 556 850 398 566 828 914 375 318 805 299 581 674 598 745 354 240 512 960 568 852 491 890 967 531 479 429 579 154 492 657 864 438 860 729 666 729 608 206 128 885 122 490 192 571 167 279 171 918 152 486 565 291 741 447 598 875 389 314 966 906 610 952 765 895 284 795 349 733 694 807 996 961 643 781 514 221 364 483 553 609 622 681 104 209 427 270 336 550 310 545 140 280 438 629 889 152 488 181 852 183 190 727 319 262 242 811 751 627 709 424 711 921 794 394 348 154 708 273 850 953 165 163 462 176 314 792 401 678 355 740 717 618 850 541 616 522 450 382 301 859 976 252 723 843 485 881 689 416 365 561 486 983 224 193 478 739 167 773 764 662 416 256 680 968 570 538 265 725 291 492 126 306 548 793 960 189 905 678 908 264 617 350 252 105 338 136 204 722 668 864 566 919 463 681 527 104 972 392 456 123 588 212 830 815 790 313 605 673 562 852 248 278 605 506 495 898 157 199 950 286 430 520 728 496 560 818 551 359 846 525 703 339 604 121 268 162 754 324 284 794 599 146 770 944 587 354 962 968 375 105 105 132 950 772 407 167 696 883 131 183 680 893 330 256 201 313 796 367 337 143 768 613 721 929
96 495
311 655
786 687
831 336
247 262
301 615
283 902
296 388
157 896
517 467
197 957
575 363
348 482
256 256
932 462
24 549
86 185
187 443
620 830
342 559
687 252
245 640
638 860
468 381
616 431
566 600
471 239
568 981
602 739
555 183
666 474
140 486
404 515
504 623
751 497
861 578
715 696
403 984
599 403
123 759
491 159
978 640
689 274
620 798
768 733
52 938
829 863
817 866
125 935
255 413
246 673
488 829
325 481
882 979
137 650
957 789
551 194
643 692
851 103
191 795
809 238
211 149
286 536
721 311
85 355
505 310
717 187
468 721
142 624
11 903
335 952
786 239
567 404
605 114
439 866
978 488
869 783
364 139
933 994
214 247
781 415
339 688
236 880
904 165
566 293
272 489
458 975
107 295
13 863
450 421
788 865
704 762
842 412
776 678
26 777
814 896
952 674
77 451
301 148
535 518
