1000 133
628 702 586 236 557 824 146 299 545 404 859 496 338 795 187 288 791 134 939 271 302 591 188 600 558 484 701 497 239 326 137 486 718 967 918 540 284 262 277 954 230 648 368 718 610 226 880 161 348 549 538 768 232 560 881 457 476 192 692 880 164 715 371 396 296 696 572 646 163 602 750 370 735 878 408 766 434 230 987 547 880 800 712 934 877 473 659 670 424 670 283 411 161 878 449 706 778 529 724 626 238 598 794 419 488 330 686 301 204 553 842 805 431 670 671 359 177 591 423 417 475 818 352 202 204 987 147 563 537 661 992 311 496 947 303 512 852 243 324 927 540 995 889 920 225 201 692 236 271 378 199 743 877 669 253 457 995 268 813 773 417 341 495 378 983 980 743 622 380 920 984 436 659 387 869 180 796 265 243 178 376 409 305 844 647 337 360 544 885 877 726 192 886 362 730 551 532 245 727 491 385 668 944 598 683 451 908 927 756 500 850 704 796 548 589 469 886 858 431 647 159 418 700 467 816 443 630 711 761 909 542 721 484 789 629 457 371 547 769 885 814 864 290 565 559 287 889 193 170 486 866 519 159 861 173 219 331 209 573 874 996 448 648 245 809 671 161 141 581 904 299 533 382 380 353 705 786 646 658 148 888 165 990 230 242 501 680 590 836 749 615 664 997 762 295 474 993 408 274 302 921 992 506 382 978 461 809 626 820 758 438 215 292 728 511 203 854 928 748 516 972 182 802 364 197 541 674 398 361 810 481 981 639 645 427 546 937 949 863 508 811 603 209 259 877 755 140 851 138 452 789 363 655 805 837 833 237 888 243 746 843 505 609 144 315 666 817 272 179 793 929 731 452 517 445 487 799 791 836 580 195 358 527 631 165 765 285 481 811 658 264 770 212 657 670 784 552 444 238 610 840 490 227 213 623 435 681 920 801 528 441 415 159 851 428 284 534 498 836 689 809 412 361 273 205 474 511 198 984 206 157 154 655 165 247 360 966 138 393 217 360 536 778 795 407 324 515 740 490 367 586 699 548 320 597 140 165 216 933 325 700 887 167 550 787 236 981 687 208 342 455 217 853 922 414 307 584 828 692 890 344 473 678 712 507 679 879 173 421 973 983 678 944 842 412 684 672 764 609 676 985 352 663 861 486 590 914 413 612 587 366 336 625 361 959 509 539 481 629 237 525 571 971 594 886 800 647 682 886 314 601 641 855 140 705 578 957 238 240 327 715 1000 383 852 628 655 630 346 949 350 984 314 552 557 735 918 506 859 839 611 468 423 891 651 470 345 760 604 940 592 214 799 969 981 819 867 636 472 367 744 388 888 927 271 624 945 977 423 885 361 833 455 741 316 510 474 477 327 878 364 229 714 495 654 856 151 983 195 429 631 884 954 230 761 407 531 291 479 928 411 140 296 842 500 773 161 666 949 876 622 156 599 145 145 878 431 828 946 204 571 578 540 539 162 919 580 717 341 659 343 887 422 468 392 888 726 918 902 438 264 959 223 659 433 373 844 380 469 715 793 415 591 489 715 399 180 396 770 570 296 720 772 294 543 795 328 631 706 744 709 515 857 990 802 225 506 477 340 872 173 183 189 383 795 394 690 814 389 346 450 402 348 880 905 721 180 663 748 546 133 400 296 633 249 563 441 198 438 813 516 893 871 460 605 598 893 629 584 618 395 536 358 870 788 314 361 759 381 622 896 424 143 835 662 758 358 170 796 707 239 640 349 928 978 492 746 897 381 865 184 446 771 607 685 687 717 555 862 336 463 969 458 529 924 689 563 752 252 493 351 395 304 818 134 700 500 586 221 443 463 847 775 503 989 210 313 972 960 815 660 382 846 929 870 206 425 524 466 503 295 899 741 912 580 187 440 670 684 983 823 821 661 405 759 143 310 622 216 228 438 755 508 587 661 287 815 615 293 623 684 920 474 135 314 746 982 358 327 977 490 450 996 542 871 291 732 405 498
351 274
102 214
14 320
780 567
198 778
938 676
370 857
824 610
774 991
66 280
895 241
706 164
626 858
37 418
622 627
986 157
424 438
320 630
229 400
239 811
599 720
950 651
394 713
657 174
333 493
119 733
269 260
120 872
721 988
396 685
729 558
925 502
63 936
828 411
76 594
528 667
514 444
439 597
684 478
588 692
557 631
445 635
941 788
779 589
737 854
141 142
203 746
712 328
228 630
386 866
775 844
519 923
935 536
319 786
227 245
368 624
820 859
974 517
383 876
209 922
968 316
873 551
315 927
417 289
665 298
479 594
60 430
255 255
875 797
534 650
630 747
205 627
583 897
508 526
263 649
385 564
537 804
837 963
252 349
592 582
980 189
777 352
294 657
712 365
333 551
434 218
523 212
828 624
83 711
814 213
482 371
570 691
360 608
739 874
565 729
629 147
727 783
182 838
169 852
315 576
570 265
24 601
168 239
126 561
225 285
852 393
204 884
565 877
745 339
567 589
232 745
562 359
217 428
490 613
965 231
448 863
282 180
794 310
230 635
212 465
514 861
623 788
621 637
642 887
268 563
267 673
740 518
600 227
358 585
393 174
641 491
986 392
