1000 672
866 796 698 726 702 853 1000 690 844 912 786 799 677 746 934 733 858 796 900 709 732 788 740 876 828 912 878 734 989 893 819 780 677 875 758 985 681 963 704 876 822 1000 955 997 931 746 765 980 728 835 933 787 878 920 823 923 947 901 933 750 988 964 678 942 842 928 891 759 862 705 713 951 949 913 692 941 687 846 851 864 786 736 980 919 858 958 889 872 804 930 990 896 681 904 877 972 796 890 1000 672 818 827 979 753 871 763 918 988 970 829 710 928 845 958 696 771 748 723 934 866 705 785 752 917 801 916 972 673 891 999 731 874 780 801 853 813 936 773 776 833 874 913 753 704 822 888 928 770 913 991 951 956 990 776 842 777 829 828 682 836 902 724 910 885 688 696 720 705 972 753 925 846 782 746 796 896 846 872 994 839 772 737 734 900 779 684 777 686 809 907 960 889 945 858 958 881 853 936 972 759 722 908 926 715 897 925 890 950 738 908 984 892 784 788 862 726 1000 736 725 769 969 694 954 906 981 801 856 698 900 907 686 821 959 890 991 691 928 881 694 926 877 675 779 825 810 867 834 813 681 761 847 796 846 989 852 842 974 921 783 800 713 776 779 826 876 936 878 908 782 867 785 876 850 924 819 688 998 906 779 965 724 867 894 804 991 983 786 858 816 779 977 896 853 693 912 815 820 886 729 674 966 803 874 891 685 800 928 908 916 706 746 947 724 826 758 700 911 724 892 958 772 749 947 938 683 897 746 854 721
520 776
696 723
500 766
923 968
964 783
87 876
495 797
406 858
947 704
250 910
569 679
853 833
618 988
227 837
268 869
770 825
596 755
906 713
439 678
322 860
102 809
996 920
820 779
768 864
174 757
981 796
335 903
353 784
231 782
113 712
366 885
515 782
806 994
829 780
913 693
900 994
202 934
153 999
217 698
976 738
470 768
784 779
68 870
717 772
130 681
492 860
901 787
934 964
523 798
652 801
404 771
930 689
553 951
674 718
417 729
950 938
21 813
35 943
351 904
547 692
731 903
103 801
480 962
794 939
749 683
860 843
581 993
578 779
107 961
118 754
28 929
498 989
273 936
622 787
172 956
93 725
957 759
43 822
970 690
244 774
277 913
52 763
214 820
882 917
663 828
442 715
883 992
356 863
295 927
248 999
889 783
837 797
711 926
416 832
380 941
540 686
399 737
536 778
232 722
475 714
249 686
32 801
393 674
640 706
902 844
315 889
104 731
737 743
321 986
44 774
15 861
567 833
687 674
149 722
166 716
357 771
826 923
917 921
625 678
782 877
479 730
377 801
638 833
969 760
980 901
508 931
420 700
807 702
887 918
861 899
126 894
197 855
892 770
686 672
695 734
669 775
151 705
90 677
531 988
436 811
312 893
152 993
27 977
829 878
263 789
666 673
821 731
795 684
266 860
928 680
689 864
705 902
438 749
681 886
398 777
934 673
795 840
892 995
419 716
990 827
611 679
179 714
510 983
883 915
591 725
349 920
491 685
876 998
61 970
865 871
987 674
659 821
756 720
809 931
37 957
808 739
329 887
932 997
584 862
765 947
898 732
254 789
954 741
195 799
294 848
94 728
41 985
979 890
779 866
120 906
637 821
301 846
858 985
995 939
968 898
917 904
501 870
595 997
774 899
739 835
493 958
736 780
484 800
592 913
391 710
690 688
818 961
815 999
881 861
158 821
627 777
330 815
411 823
530 973
382 906
755 724
673 856
457 761
852 695
944 884
875 903
394 835
443 736
503 710
223 674
257 927
633 821
962 827
544 697
465 773
730 922
634 708
289 910
362 952
288 861
302 881
131 909
643 908
85 944
176 839
178 701
13 750
95 896
775 833
79 822
609 861
885 810
128 934
859 957
198 763
427 678
955 969
73 934
346 710
115 708
519 887
233 703
730 755
402 729
358 719
502 697
572 785
332 848
428 991
196 945
12 951
549 998
907 948
809 983
814 931
355 825
127 1000
119 848
816 975
497 694
313 762
568 865
932 757
712 992
582 958
170 989
597 699
704 743
384 743
236 979
670 891
580 923
445 959
899 682
579 947
383 899
464 932
109 817
776 725
755 927
667 724
998 708
777 742
331 821
175 914
476 769
840 972
843 843
800 893
748 699
437 979
736 772
783 944
185 780
630 967
733 829
647 785
796 990
801 771
462 933
403 783
656 783
106 995
412 977
16 764
556 965
558 976
982 944
460 816
988 792
903 927
828 976
999 867
908 728
678 968
809 716
712 817
869 999
853 871
780 974
543 761
287 691
645 871
689 694
75 814
240 773
252 980
836 804
990 993
387 997
371 852
737 873
983 675
141 909
743 911
881 802
954 687
524 800
423 865
34 938
938 784
947 933
341 726
953 697
787 897
472 714
920 858
780 707
160 829
31 896
369 782
483 971
953 782
902 908
449 922
823 787
692 827
340 776
38 698
698 872
892 895
280 702
907 890
642 772
563 914
605 839
731 725
644 674
847 852
861 948
378 723
824 983
372 903
459 787
915 785
660 960
452 991
89 733
905 841
487 974
864 857
585 713
849 917
631 790
456 950
743 781
947 743
831 836
785 774
733 816
653 951
415 787
575 970
615 796
447 865
770 820
173 786
610 791
962 923
822 795
729 885
680 714
125 896
752 962
830 936
333 968
379 732
911 769
952 990
703 838
628 846
810 991
225 944
832 763
768 999
619 923
616 819
946 817
810 957
894 746
921 679
354 805
468 812
836 940
344 775
482 678
184 924
664 891
140 988
325 982
205 747
818 739
293 884
116 739
915 979
823 714
800 920
522 876
169 946
431 789
761 678
963 706
813 887
74 788
857 922
607 968
967 750
826 999
857 909
389 904
674 897
352 857
868 752
314 693
802 889
865 861
516 848
796 913
780 882
765 994
792 809
774 991
97 812
740 982
30 722
750 969
469 882
662 823
921 974
121 801
363 892
792 772
689 817
822 986
916 966
418 932
769 940
392 947
450 972
831 781
866 676
927 903
918 693
914 812
830 711
570 878
328 866
919 861
486 721
994 938
904 876
702 988
973 910
444 983
182 697
463 886
586 909
739 701
376 689
541 725
400 689
603 726
718 739
940 792
856 851
818 947
940 971
688 947
587 729
796 827
139 826
905 784
944 792
593 884
432 752
699 881
284 962
946 934
42 677
941 746
933 781
561 767
360 853
962 777
385 885
951 999
819 853
975 780
613 709
474 913
969 841
854 925
641 888
915 838
577 811
478 995
755 869
440 753
55 815
718 679
930 906
819 905
747 789
397 710
433 729
910 744
219 853
933 780
888 952
964 810
741 839
914 793
559 934
709 990
704 928
477 795
754 875
917 839
721 915
893 700
654 859
965 960
824 672
430 810
953 907
942 780
167 860
702 729
859 823
598 972
728 948
858 705
913 753
726 972
774 712
405 727
889 967
429 936
849 918
881 843
879 718
599 801
928 909
997 679
413 688
969 918
803 827
374 824
92 997
846 998
265 862
552 966
715 996
441 755
927 804
684 915
835 832
201 806
932 932
802 761
804 735
677 803
810 692
988 817
789 798
803 865
675 899
425 684
872 811
700 907
884 688
676 845
730 677
796 695
791 822
698 835
995 851
805 740
740 977
566 709
774 803
767 686
651 827
348 891
982 727
10 889
900 755
29 674
927 742
824 737
847 955
940 1000
388 895
696 904
624 963
753 839
528 842
890 719
517 950
890 844
0 917
907 889
467 921
829 677
743 720
735 695
719 693
703 777
989 710
816 876
979 942
671 929
852 926
817 726
747 826
36 956
