1000 120
455 687 296 397 851 164 950 417 667 720 183 697 798 393 234 162 667 634 869 593 603 522 622 466 209 436 730 982 165 326 535 958 342 894 976 646 557 793 466 510 240 977 409 248 596 125 462 801 942 942 182 769 535 381 163 969 235 582 870 199 560 796 825 717 953 691 862 143 913 890 867 247 912 321 390 283 552 684 315 677 291 458 671 516 991 497 161 126 640 797 545 649 231 903 228 250 553 692 753 128 812 825 711 967 706 248 517 553 498 365 255 494 237 669 551 883 216 300 961 264 646 618 762 514 260 738 467 905 233 974 273 452 870 398 571 617 877 708 852 733 770 312 402 128 683 148 267 629 814 833 729 231 723 920 500 964 326 397 651 411 240 712 907 741 327 337 785 486 705 341 534 287 292 916 676 761 294 129 851 922 378 830 817 671 593 534 498 507 827 860 284 253 992 182 938 446 495 273 129 182 876 803 476 121 872 763 642 997 914 183 893 523 213 664 741 258 812 367 748 564 499 279 202 352 198 810 329 259 970 193 217 812 653 791 309 847 341 520 685 510 579 918 157 980 623 951 198 248 489 168 857 752 989 236 211 322 406 509 539 805 622 566 706 879 315 760 137 863 659 545 811 312 849 981 496 481 276 663 369 959 566 600 929 622 394 803 559 151 211 276 845 152 995 944 183 508 817 753 183 759 439 900 677 286 456 446 871 582 815 618 855 151 835 466 1000 154 282 304 808 241 720 823 914 260 503 313 610 457 737 876 159 194 453 419 589 223 469 303 938 135 989 751 866 279 313 640 167 738 861 898 637 204 591 333 277 687 284 278 167 723 792 733 243 705 861 348 957 213 341 857 817 392 559 574 225 154 841 789 498 819 754 490 922 831 818 469 731 438 716 188 995 367 453 150 375 142 958 362 801 179 760 512 515 224 722 520 555 878 831 818 163 461 657 911 815 155 269 696 484 962 519 704 782 356 893 448 862 953 221 669 672 785 931 499 575 131 816 783 863 442 938 210 211 835 341 497 213 472 653 560 721 979 175 462 266 387 747 317 877 479 338 253 552 283 228 432 351 293 582 689 516 743 324 211 344 927 832 364 479 472 335 437 801 724 823 548 769 509 968 548 555 797 239 635 749 521 161 191 789 791 701 219 855 541 471 220 932 732 921 463 721 564 151 899 155 233 559 648 395 833 866 132 209 754 475 893 168 686 815 929 251 987 184 639 797 289 716 593 961 874 188 523 404 698 561 898 912 890 160 598 344 457 243 919 334 346 903 399 209 632 997 885 851 283 429 182 293 518 366 406 737 407 299 977 621 859 787 835 694 672 564 417 833 583 445 767 306 367 490 428 230 758 722 450 386 819 227 873 689 789 327 582 636 157 806 988 688 701 210 413 589 131 642 859 197 900 159 425 551 649 267 980 551 976 563 682 494 667 429 688 790 747 606 961 423 1000 552 699 710 350 749 879 851 379 512 843 728 907 402 184 805 988 777 300 462 234 469 315 197 618 652 554 336 469 203 311 775 408 253 174 274 948 226 308 453 953 444 559 456 936 181 212 744 510 483 929 137 857 800 518 455 827 497 608 635 146 671 680 970 960 451 552 833 362 436 521 446 237 463 753 635 354 333 422 938 897 275 939 993 377 867 744 847 466 398 942 381 886 831 814 590 713 504 968 216 642 490 771 491 501 842 806 267 530 187 713 898 554 366 781 889 786 367 877 924 980 540 497 221 878 662 151 604 992 817 202 276 565 329 432 884 725 995 306 959 288 631 492 172 742 901 775 729 301 882 909 250 395 196 514 334 404 283 657 437 819 271 869 420 185 590 544 304 154 963 614 259 291 599 372 916 608 739 716 846 969 291 947 420 902 164 665 904 726 137 192 582 226 997 602 222 624 454 826 393 336 516 671 334 309 233 358 921 723 729 466 249 355 412 368 453 745 621 446 342 604 973 217 792 993 307 749 535 733 182 262 171 469 331 643 328 434 317 375 282 280 575 538 150 245 160
121 261
666 214
393 671
136 381
36 791
555 554
813 428
680 626
334 931
167 124
914 684
345 826
255 610
34 527
256 416
949 486
560 645
840 197
381 764
984 157
683 952
667 432
474 227
12 131
648 232
92 228
574 734
226 221
220 958
78 498
959 357
134 345
131 677
758 976
330 625
741 795
396 680
584 347
383 172
471 130
372 151
566 986
45 459
853 137
496 697
630 264
968 291
181 919
219 871
938 719
648 456
963 780
780 1000
292 871
221 933
991 911
346 665
680 517
279 237
464 309
265 225
364 827
871 386
899 950
447 471
373 170
118 930
213 986
603 261
217 631
924 904
363 259
124 873
778 183
974 200
615 610
582 439
96 542
916 601
759 610
346 960
367 478
719 734
523 878
890 513
632 611
970 391
707 241
68 663
478 843
487 420
849 949
418 861
811 525
504 937
394 605
315 958
500 942
530 224
148 881
232 252
688 661
357 416
395 129
965 217
714 187
165 794
807 557
276 543
689 537
398 903
474 755
683 760
509 554
919 468
942 537
801 511
870 567
794 249
