1000 342
476 737 757 382 585 440 580 626 427 922 772 737 674 407 845 541 950 694 689 682 349 664 360 872 834 711 616 543 900 985 995 878 640 602 560 422 522 515 853 453 489 392 500 677 457 1000 406 586 395 967 403 845 534 449 886 606 727 725 625 519 824 639 387 742 431 550 547 536 508 538 897 687 940 716 494 558 344 731 553 869 836 749 626 853 525 999 876 678 715 842 993 859 483 989 811 942 670 809 875 478 903 832 443 954 600 685 434 449 701 693 494 372 520 426 863 883 348 971 834 940 399 457 883 905 769 690 583 779 405 747 717 698 453 799 713 811 963 689 556 541 524 410 715 590 646 658 770 746 686 803 944 861 629 964 414 346 865 616 634 672 366 972 389 479 755 628 678 387 427 405 971 580 997 797 593 352 962 443 733 733 804 516 815 868 931 395 871 664 375 917 573 867 823 802 951 872 427 760 751 356 833 512 939 824 455 611 590 432 618 702 660 964 454 558 897 659 635 932 453 667 798 752 594 777 970 568 973 910 478 715 587 636 594 480 630 841 363 628 371 689 580 900 751 554 805 700 912 685 960 617 357 703 795 629 564 684 995 551 663 880 492 830 530 943 978 908 917 402 880 359 712 915 806 988 532 516 383 950 873 754 816 964 381 387 854 884 463 978 480 636 675 993 434 885 391 516 665 765 680 472 651 381 545 624 432 782 608 902 594 895 649 434 373 815 802 423 927 614 674 760 355 777 696 975 607 544 461 515 653 702 876 646 486 705 439 673 884 483 880 753 713 787 636 398 919 449 412 725 355 686 544 503 708 438 656 941 617 416 631 732 475 856 483 886 985 343 383 998 722 962 857 493 392 928 368 842 438 420 500 958 670 717 389 686 545 790 818 827 349 434 605 762 570 443 766 344 533 719 667 844 570 364 928 859 651 845 928 617 398 900 489 656 993 404 411 892 921 802 808 446 448 925 554 869 457 808 399 656 496 819 714 554 713 746 369 676 416 409 597 978 601 346 701 686 854 763 457 824 982 952 704 366 685 958 722 793 815 890 658 884 520 576 478 541 699 473 928 665 897 963 370 680 844 552 368 882 540 732 847 430 634 511 569 363 831 570 822 907 351 681 385 478 366 407 688 852 506 705 354 738 737 354 884 697 607 713 737 933 970 979 784 642 408 866 374 493 683 965 930 931 971 788 597 913 866 822 666 535 609 874 392 388 574 593 456 726 623 860 952 986 501 725 772 734 996 841 478 363 967 971 976 954 814 608 773 919 431 663 449 940 665 884 855 899 597 510 905 508 384 741 891 616 384 931 434 356 451 884 349 888 905 388 503 812 865 824 578 934 622 540 782 565 955 525 531 659 776 432 794 622 500 638 641 394 798 356 686 742 388 374 646 901 793 710 704 678 464 893 821 706 711 449 450 840 921 577 355 590 924 891 992 966 347 440 828 601 669 737 602 954 464 829 497 447 823 403 741 596 701 833 739 670 502 993 987 682 788 905 944
841 369
528 902
117 890
424 921
714 489
15 893
600 465
439 440
694 929
404 597
662 398
586 703
779 800
510 725
108 433
486 567
90 766
929 635
329 467
694 534
257 667
32 738
88 822
387 574
132 581
632 457
824 915
271 376
542 744
831 542
777 945
33 596
506 602
221 498
119 931
199 822
92 550
313 438
834 466
972 880
123 513
75 436
914 904
456 797
718 657
356 362
51 905
977 530
970 771
603 551
711 827
386 829
59 506
923 784
981 489
780 963
87 672
903 892
543 909
276 858
757 825
415 931
969 614
546 661
864 740
171 902
277 636
130 494
563 512
138 436
894 905
758 764
991 621
698 897
79 997
899 660
724 829
118 493
312 817
67 421
760 840
840 359
365 893
341 886
472 557
446 968
747 844
332 904
598 519
100 846
107 373
959 833
906 385
964 436
878 479
262 540
745 747
407 411
761 679
358 363
938 858
237 622
967 918
903 952
272 647
517 718
125 682
765 377
783 753
468 676
839 434
731 530
212 484
869 602
545 886
845 629
717 342
701 473
986 796
946 450
649 546
349 890
296 679
392 734
109 774
355 792
158 502
521 731
864 950
281 409
484 762
931 879
599 704
384 837
502 393
525 893
764 762
129 499
191 892
966 976
674 368
785 659
523 723
324 805
683 519
832 372
815 732
925 427
475 485
756 987
375 901
25 494
614 374
979 428
770 580
766 616
549 919
56 628
907 594
796 935
409 945
139 848
800 885
688 976
35 424
165 900
472 632
945 702
775 543
28 643
437 842
798 580
640 879
503 866
635 605
370 592
225 917
609 835
707 861
55 543
852 357
103 469
382 892
370 812
370 454
18 744
951 637
993 457
396 552
445 707
9 469
529 567
872 511
43 875
356 654
159 677
748 618
503 550
887 446
567 804
154 534
408 816
470 965
617 581
463 430
893 600
720 952
996 937
326 342
714 957
911 894
440 358
482 895
514 412
505 563
218 811
679 625
489 924
783 483
973 407
439 967
614 632
750 595
315 680
658 846
417 344
778 908
902 761
308 513
583 967
338 647
422 487
233 626
428 390
621 412
794 823
995 910
344 990
691 915
920 974
854 453
136 649
249 511
700 387
628 669
300 924
814 874
523 699
816 392
946 408
46 522
253 635
339 714
714 823
390 522
521 798
0 794
450 400
457 659
972 920
523 597
699 437
743 872
251 634
568 420
8 527
704 626
379 847
423 798
834 892
358 411
525 967
196 369
346 892
947 691
625 974
137 493
787 426
844 755
661 499
434 928
875 815
937 505
982 889
452 920
405 893
704 876
552 852
742 615
473 563
806 786
797 381
710 444
464 750
895 460
911 937
557 791
961 623
304 753
932 464
294 780
541 1000
944 655
638 567
539 871
563 670
578 696
474 622
828 391
208 657
416 495
752 932
124 515
672 609
975 801
552 377
892 945
834 501
334 936
749 496
217 414
335 597
828 872
969 473
585 896
904 629
837 402
151 755
535 492
366 836
919 921
601 404
322 600
999 864
580 845
871 702
774 636
385 568
526 802
824 816
457 720
