1000 240
400 788 336 611 820 906 716 508 336 757 391 770 309 246 446 407 720 717 348 318 438 335 343 487 742 301 288 436 702 406 789 889 415 281 570 535 975 865 535 906 378 806 616 278 284 909 325 518 613 643 285 722 279 863 700 466 384 839 315 734 891 650 488 753 402 561 657 418 649 291 514 472 965 902 483 246 446 943 251 604 549 463 781 594 258 969 293 481 487 332 772 958 853 635 839 425 499 656 684 560 276 649 377 959 306 323 956 882 487 568 713 565 449 281 539 828 981 836 947 934 614 576 395 880 387 374 421 672 974 855 466 429 415 889 567 467 543 341 414 250 759 714 494 802 465 685 859 465 634 795 557 823 331 588 557 776 414 879 446 316 350 586 607 749 626 738 284 687 900 779 709 280 473 995 600 733 614 408 826 462 782 415 620 261 747 270 392 721 988 574 446 737 367 574 468 361 260 426 340 858 548 313 268 628 778 571 463 368 472 254 462 840 596 936 915 839 527 463 401 291 692 584 550 556 747 632 899 992 705 524 323 257 378 280 657 997 357 334 435 702 507 463 546 535 403 511 400 521 565 659 655 574 298 384 904 456 654 917 991 566 368 939 625 443 944 560 899 369 457 694 312 423 479 283 392 489 518 716 523 425 743 395 774 991 418 530 413 991 411 793 780 918 661 436 968 573 741 805 471 585 330 641 442 965 715 347 809 405 440 770 949 995 676 558 866 937 302 805 928 452 596 349 428 731 472 966 395 801 743 659 471 276 409 769 571 383 697 746 369 977 925 268 257 864 716 456 478 644 840 897 818 549 581 389 889 331 675 779 770 546 441 856 752 842 947 892 337 499 777 450 519 634 641 668 934 287 656 750 395 724 592 916 616 524 411 797 602 367 607 459 310 918 301 890 623 992 240 280 626 889 985 999 941 873 433 680 658 460 586 889 269 346 777 792 573 839 274 905 459 736 427 698 366 381 491 465 378 836 731 589 380 312 376 608 649 919 835 528 694 274 466 954 245 709 398 707 323 820 488 623 688 618 526 660 766 667 886 790 995 559 653 632 595 274 581 914 390 519 409 374 824 957 426 251 947 517 855 991 870 829 437 916 681 686 780 960 543 391 359 591 443 431 292 960 342 870 725 502 992 558 787 877 910 940 749 702 879 944 383 909 601 305 734 732 619 766 681 584 520 374 392 795 380 763 896 598 312 510 319 915 909 706 572 610 245 444 594 855 310 419 309 797 897 695 755 621 809 556 449 803 813 546 467 770 426 277 424 248 438 295 612 999 672 661 496 946 983 926 416 647 378 956 398 897 338 289 877 514 931 713 459 406 971 948 961 611 641 405 547 554 991 802 989 919 940 902 583 887 375 728 834 314 766 886 322 675 298 684 491 999 910 867 921 637 900 634 426 775 698 639 809 293 319 302 343 714 937 457 701 715 356 993 695 345 955 890 514 392 976 385 971 567 714 458 854 962 757 953 688 353 738 754 389 243 843 927 813 748 384 884 364 744 825 243 931 549 925 291 276 606 419 807 583 780 552 883 534 736 705 853 580 621 565 294 686 936 420 348 734 942 826 860 565 533 592 780 290 711 962 810 307 491 890 889 781 330 266 512 334 676 476 944 491 249 337 446 249 468 550 772 799 873 400 377 300 479 578 930 937 409 737 651 556 558 672 677 849 645 450 574 353 751 835 984 810 944 379 399 336 354 773 835 574 783 459 609 910 419 856 733 946
218 900
749 894
133 527
382 609
128 620
9 579
556 438
563 787
304 349
118 879
529 585
996 654
487 974
228 370
821 596
785 868
343 501
62 800
419 329
574 294
720 646
437 537
964 951
979 741
732 532
469 981
100 954
453 948
433 954
457 515
670 652
311 777
433 1000
596 771
322 302
437 297
802 657
368 775
561 448
598 628
741 959
604 835
408 606
496 456
909 437
336 414
692 989
951 605
608 813
626 645
987 586
299 869
3 511
666 601
858 661
683 435
603 678
532 771
97 250
144 322
592 335
167 574
276 999
556 515
131 372
574 746
117 726
990 422
999 871
24 381
401 616
527 591
666 761
554 329
759 533
893 818
948 619
376 332
577 727
575 636
805 752
548 383
404 616
896 525
109 736
458 633
800 496
404 877
342 828
469 819
608 866
766 981
296 366
616 498
750 791
648 352
546 1000
99 632
836 980
373 672
909 871
1 260
736 915
79 274
933 998
963 873
385 572
916 373
551 564
266 775
416 266
944 246
825 315
764 400
493 254
726 471
368 625
676 775
467 600
596 275
812 474
255 401
808 547
830 677
844 798
703 987
827 814
581 612
236 543
959 749
442 679
677 646
220 757
952 818
283 286
477 368
606 455
947 408
426 988
355 758
924 842
269 941
889 349
644 659
886 733
674 797
897 953
440 426
804 382
493 617
127 460
670 747
406 858
337 588
460 408
499 595
125 976
175 335
372 678
953 362
809 841
641 741
947 680
545 485
778 900
307 791
567 594
908 896
432 879
234 351
768 293
655 471
150 881
201 957
574 765
640 540
773 735
34 957
788 675
129 897
307 932
518 247
73 555
249 918
894 341
812 316
406 953
563 625
383 366
911 710
710 544
773 477
809 311
784 770
408 539
703 323
726 851
457 808
634 417
880 770
93 404
961 396
843 594
606 575
875 689
527 517
708 877
205 388
973 579
119 443
949 656
523 426
293 303
182 551
55 819
471 710
432 690
837 946
35 549
506 642
666 502
586 894
703 568
901 643
591 911
421 642
443 642
8 636
612 586
271 789
178 679
60 460
824 662
158 550
249 609
489 664
270 603
689 359
72 262
