1000 78
823 231 795 496 415 837 247 878 313 727 507 292 151 963 235 475 214 424 456 679 687 771 644 748 338 677 582 702 454 205 599 481 844 557 618 108 359 106 651 683 781 166 126 737 615 95 953 503 949 931 237 640 310 866 641 976 972 840 550 293 629 570 556 194 167 754 93 511 720 90 681 219 242 146 305 182 651 310 906 94 879 831 981 618 314 273 684 621 151 437 258 196 975 465 719 626 311 917 284 667 935 469 448 939 881 133 708 645 97 900 762 179 102 647 588 870 882 940 788 850 439 503 559 665 821 808 953 921 436 560 491 297 364 194 353 478 114 438 168 213 620 482 781 140 759 572 1000 432 861 413 684 411 701 369 846 980 252 742 160 202 87 97 393 406 673 456 440 716 180 151 918 456 763 708 148 557 751 730 310 628 95 549 955 500 790 611 117 717 613 504 619 87 316 804 955 294 312 777 215 767 823 101 273 628 287 306 797 529 706 654 848 504 115 683 721 283 597 126 679 333 765 793 191 162 82 798 701 819 891 289 508 203 758 964 149 143 266 230 516 495 927 524 133 586 661 680 634 682 440 186 387 387 560 770 770 930 674 571 353 428 529 760 733 224 870 312 445 380 976 447 743 175 348 231 752 538 824 899 969 583 741 782 965 414 761 964 662 751 443 587 948 790 451 817 264 599 795 613 743 97 193 830 432 719 520 899 943 461 259 578 914 903 254 274 692 239 486 433 795 582 329 96 435 510 152 910 108 657 92 151 671 603 646 862 562 348 326 580 596 230 570 712 666 538 402 566 987 566 405 934 411 998 323 568 436 486 982 583 473 761 756 477 709 234 943 496 432 335 537 467 169 321 127 822 222 676 166 474 190 497 485 81 845 953 559 400 266 918 526 457 560 666 638 499 164 79 380 426 571 927 281 936 630 223 590 200 264 232 409 601 810 954 959 777 508 100 559 283 338 579 562 830 799 989 210 109 632 554 996 708 244 302 652 887 820 423 673 840 979 711 196 585 83 444 459 388 219 359 187 855 727 115 537 514 172 247 951 146 947 229 592 566 758 874 202 103 321 439 341 166 434 274 573 532 489 165 717 454 661 612 702 523 749 759 324 889 411 852 305 381 296 240 602 739 868 95 590 524 92 517 720 134 955 375 386 949 497 936 299 597 878 83 774 438 543 803 221 744 578 124 131 92 777 1000 840 447 845 781 809 87 325 987 702 972 293 380 487 846 836 311 588 168 265 98 340 314 306 671 997 406 80 887 576 176 412 866 676 469 267 686 616 509 776 178 516 123 162 879 975 695 528 214 744 498 448 839 803 852 656 318 779 660 794 919 548 370 970 238 603 663 980 803 363 755 707 436 571 292 731 625 534 421 188 579 652 637 622 638 788 715 494 433 832 547 314 135 763 164 869 273 779 234 513 923 682 670 545 457 162 443 752 776 393 341 744 93 612 926 462 410 999 287 300 909 948 904 279 757 453 209 458 787 787 779 391 884 97 512 464 827 686 921 97 289 95 919 528 971 123 874 630 176 120 394 381 501 730 94 339 797 335 855 683 657 875 970 526 770 866 236 201 599 559 529 568 116 627 553 797 193 684 141 301 335 891 478 183 523 216 793 570 687 445 803 882 423 758 691 214 836 350 933 618 289 79 327 315 942 827 90 938 269 331 669 597 974 184 231 776 613 147 479 674 516 921 202 518 473 322 869 546 707 164 586 742 218 282 960 637 788 361 544 769 923 205 299 119 649 576 110 247 315 207 740 494 466 817 796 694 887 512 138 845 508 244 280 455 463 619 784 444 241 846 639 407 526 796 715 862 114 665 756 225 197 952 733 128 85 282 429 770 217 970 822 281 668 615 868 529 222 241 634 447 473 672 834 621 163 599 365 837 737 239 430 872 427 369 259 578 147 137 246 510 429 83 424 248 768 993 761 127 519 515 995 449 263 715 167 747 889 783 106 869 787 447 159 672 242 666 258 510 526 377 884 564 438 84 453 979 176 635 942 468 179 860 727 791 87 959 798 345 844 922 305 526 320 833 228 989 832 991 613 186 829 175 530 246 300 526 806 964 999 514 113 480 319 660 891 736 139 437 287 395
592 452
314 210
538 961
128 564
569 893
540 423
583 564
478 996
448 794
753 546
792 453
255 89
538 948
200 605
845 640
778 457
647 349
569 982
289 321
919 717
986 823
939 216
589 204
123 382
540 543
116 317
274 616
281 593
973 922
304 495
992 914
339 126
184 837
678 779
104 944
77 930
92 988
542 432
620 655
664 626
463 720
828 427
488 415
329 396
333 513
966 942
650 568
942 431
277 431
264 430
60 439
504 259
812 911
733 340
885 851
125 653
551 571
740 538
161 533
649 195
63 325
459 835
747 574
990 471
316 385
157 482
226 878
481 315
794 444
532 178
118 368
921 850
849 745
661 704
657 913
490 884
803 376
