1000 92
691 874 730 421 849 600 595 368 159 705 233 265 706 276 990 698 783 163 296 189 551 745 225 963 743 378 540 949 750 132 653 108 982 675 738 626 130 627 555 932 948 928 781 375 282 892 936 154 839 808 905 998 986 121 718 615 311 936 150 161 777 693 216 560 188 809 280 328 786 807 919 260 241 773 236 996 620 515 718 958 800 523 351 1000 825 252 433 127 900 342 757 931 244 617 362 172 873 541 720 609 265 888 738 771 926 974 553 467 559 563 467 950 913 398 276 564 504 727 777 712 285 566 533 594 880 453 189 571 895 529 455 968 184 921 713 146 352 412 818 412 673 751 169 998 111 266 617 782 659 197 512 302 891 167 450 504 408 258 751 766 298 778 187 836 241 517 768 879 273 233 466 773 690 454 703 114 310 820 617 667 736 188 561 398 779 378 181 555 134 856 731 938 686 364 954 285 942 124 826 112 833 113 539 493 929 662 631 250 842 188 414 457 491 321 904 401 111 689 395 430 639 952 579 188 639 457 129 346 897 879 213 353 297 92 162 615 868 266 433 987 649 749 798 719 116 625 677 876 223 540 866 806 225 762 442 975 289 574 580 880 310 873 599 164 670 290 463 623 424 345 319 821 355 576 448 672 376 836 720 444 815 418 902 436 223 708 296 557 408 586 718 218 924 225 599 427 713 827 806 917 501 557 721 859 746 711 414 695 969 129 815 440 828 351 670 613 802 283 851 953 871 644 512 390 484 277 705 802 664 502 430 461 869 551 885 821 718 147 516 153 871 538 122 217 150 853 732 899 837 101 254 681 438 684 721 645 416 886 512 434 408 549 280 894 643 901 312 908 127 393 593 694 302 279 511 496 490 601 318 990 382 885 158 611 299 646 483 384 696 123 378 572 918 1000 633 633 873 669 105 781 639 280 306 738 687 668 164 983 598 383 795 944 387 352 180 643 772 92 132 563 737 927 719 773 731 99 510 254 461 682 364 815 938 605 92 880 110 823 629 417 676 165 113 511 132 801 555 339 406 482 696 254 876 211 422 152 616 975 438 801 464 596 855 337 849 555 161 526 121 621 135 168 992 192 679 629 897 974 667 178 519 791 452 957 144 453 970 834 622 99 636 581 385 888 429 986 167 964 110 719 573 869 220 260 527 721 982 171 829 849 952 423 550 958 566 127 195 726 937 556 387 849 841 375 798 714 462 276 733 992 298 536 866 739 865 343 633 746 435 755 504 611 159 431 274 200 717 491 431 847 740 492 865 959 302 603 316 549 401 140 378 383 883 591 443 689 486 566 208 646 851 237 106 635 727 803 657 975 958 359 190 121 909 497 169 604 770 579 165 465 475 797 989 880 519 678 874 113 785 781 435 723 224 932 383 410 666 669 464 140 155 590 894 821 765 676 843 334 512 551 885 179 535 647 873 555 534 491 577 379 891 879 215 836 540 176 444 237 108 623 217 546 550 102 667 676 583 166 549 803 458 399 299 113 970 432 717 337 489 700 209 552 665 394 852 973 853 497 129 960 894 753 348 867 298 801 365 845 977 415 222 451 683 949 232 209 895 842 699 556 845 571 416 558 261 292 470 649 240 905 777 534 390 666 229 770 355 787 447 363 390 946 849 473 194 518 963 824 486 383 823 301 906 799 336 517 750 984 564 725 197 374 303 431 237 204 152 943 927 377 589 727 153 619 92 464 759 963 186 394 306 112 122 184 255 552 115 602 420 151 724 995 933 784 496 811 492 723 390 608 647 194 535 308 535 663 586 964 638 515 669 465 985 973 112 838 212 127 589 736 264 291 197 746 129 657 296 203 982 689 211 958 357 994 756 653 381 290 907 465 403 591 700 947 580 752 893 437 473 564 543 745 514 682 425 93 460 468 880 821 702 104 458 249 571 315 991 446 986 905 437 490 763 449 949 654 448 131 244 623 392 202 849 926 678 595 423 939 319 730 619 971 209 744 959 396 261 283 139 196 718 279 477 710 253 376 101 598 667 379 701 849 231 249 403 224 289 939 530 454 129 366 325 763 653 776 538 717 585 400 654 417 178 534 360 183 690 287 834
987 180
64 312
963 545
593 808
711 722
575 456
150 362
203 767
4 350
100 608
151 998
806 225
888 313
115 200
257 393
77 852
549 434
680 202
933 557
569 986
912 581
360 228
634 852
416 486
442 342
190 217
951 949
483 215
473 436
438 654
598 485
28 260
3 722
324 495
71 908
527 98
429 194
468 818
396 683
839 230
895 295
662 192
50 254
627 870
490 635
376 660
29 501
198 467
927 430
849 755
173 949
650 226
349 704
133 832
256 640
403 927
400 176
620 992
1 762
720 394
286 165
445 942
708 472
875 654
679 324
208 729
426 361
107 453
39 103
181 579
555 755
343 944
468 287
114 783
851 207
231 672
147 920
820 133
563 991
462 308
346 669
594 103
945 838
229 534
775 930
831 123
478 328
317 101
162 603
675 593
369 740
