1000 99
741 143 341 455 355 638 919 273 482 694 157 301 415 983 706 999 1000 986 868 978 337 932 913 687 334 625 475 615 522 743 208 521 365 925 868 182 708 995 740 112 107 363 219 981 714 464 388 760 657 294 238 621 978 925 584 558 669 192 441 972 839 797 827 644 201 802 564 562 927 540 186 731 796 738 284 570 832 242 733 686 640 471 151 642 699 642 706 858 490 739 175 861 787 772 260 354 187 386 519 885 177 452 883 879 815 938 552 397 604 269 594 555 550 879 874 358 121 516 831 831 327 393 663 704 141 464 855 421 935 915 300 341 523 788 817 292 261 620 276 990 625 727 980 717 727 946 377 603 532 639 458 392 723 516 723 207 172 823 179 305 354 442 686 725 728 217 451 669 119 999 917 223 456 701 702 433 540 943 134 814 459 792 863 181 633 633 871 889 903 182 610 257 396 795 548 104 380 445 749 338 979 541 536 813 915 320 750 760 839 148 351 642 211 607 196 422 747 319 752 142 701 752 800 976 631 369 120 527 388 962 596 132 380 747 642 980 299 509 626 764 297 746 487 583 691 828 986 492 928 207 126 475 484 936 266 746 432 485 479 245 286 973 375 845 367 978 891 427 938 637 555 312 912 691 636 972 395 898 683 186 926 377 184 554 237 547 799 424 873 326 867 727 654 684 213 196 683 755 442 321 449 329 447 108 312 862 569 631 693 640 142 114 949 582 133 691 906 789 935 186 155 123 477 560 254 837 276 230 830 239 110 929 197 269 682 187 241 987 973 113 106 132 928 951 112 106 598 446 466 820 569 384 250 298 263 672 347 545 578 889 315 932 457 740 596 290 575 544 175 614 276 644 813 322 550 357 427 989 577 404 790 457 867 492 523 937 120 658 450 237 462 905 464 441 171 429 995 797 636 959 445 953 501 852 759 303 752 727 468 694 222 394 614 177 430 355 877 276 929 587 679 780 758 399 486 107 979 624 863 326 747 867 413 290 912 983 885 795 230 961 269 923 869 651 544 490 235 572 789 106 765 983 454 433 651 967 621 791 841 558 483 337 410 190 754 294 481 477 992 166 916 938 932 240 596 493 980 878 313 914 855 443 494 307 322 344 129 403 424 925 312 616 328 378 852 736 601 273 920 942 154 417 454 129 138 339 615 519 408 577 158 352 292 459 504 289 651 197 654 894 345 123 438 341 867 913 862 889 968 299 470 743 761 310 424 682 785 180 306 616 103 642 119 582 359 539 138 433 760 708 411 265 709 369 695 473 265 555 862 891 365 299 237 350 930 615 355 478 771 955 697 835 973 340 855 146 595 270 107 919 809 303 866 581 619 463 778 752 138 613 457 302 778 604 862 525 306 557 173 146 712 775 471 486 131 379 946 206 198 886 979 647 377 796 184 224 653 869 846 357 189 257 593 163 423 629 615 902 953 525 297 609 933 368 408 787 544 528 909 592 276 882 966 268 283 406 159 684 802 488 410 434 417 953 272 222 341 596 437 730 146 527 286 309 926 282 742 232 212 406 882 442 622 507 231 736 222 563 860 802 819 187 666 532 902 634 127 430 153 497 614 669 550 943 421 966 648 408 970 367 632 757 989 608 518 757 167 563 494 842 351 656 559 457 652 312 244 172 565 467 725 291 979 561 675 130 631 913 330 385 711 804 923 806 452 423 951 232 769 841 535 160 335 242 142 880 311 125 117 579 927 167 916 945 277 509 873 723 829 393 989 408 629 255 532 571 114 260 775 175 654 315 112 841 907 345 117 120 710 861 462 202 138 308 974 319 691 783 252 198 610 333 907 376 959 161 219 783 915 570 911 981 383 230 615 620 904 570 472 681 236 648 113 639 395 904 547 169 948 887 904 867 716 552 244 717 980 619 504 406 901 981 442 749 603 741 451 289 526 813 488 977 844 582 791 373 515 900 124 252 565 606 536 558 977 539 750 738 697 266 720 223 677 641 590 222 136 976 885 319 505 673 145 295 802 474 284 737 402 866 163 220 547 523 366 685 325 102 559 670 597 968 302 378 648 913 419 850 242 853 339 323
205 866
761 422
915 255
454 412
113 931
530 602
323 288
392 436
454 987
21 679
787 377
923 180
618 793
386 418
932 258
645 816
550 834
897 811
939 908
237 601
883 520
117 346
353 431
810 189
202 669
262 473
61 879
1 278
758 113
368 641
827 376
687 567
441 685
70 140
758 402
602 446
419 532
531 137
66 771
216 895
985 981
160 838
758 725
493 700
299 360
941 534
776 514
484 811
542 312
442 816
715 869
170 618
113 971
306 353
276 861
809 398
833 773
771 351
377 342
10 765
925 947
321 415
465 482
379 485
939 402
570 625
913 788
687 400
210 396
641 296
577 784
567 189
855 434
217 712
585 319
885 790
378 762
246 230
197 808
769 178
703 702
277 193
824 940
201 674
177 778
951 835
953 304
887 122
706 969
840 744
648 942
797 511
122 513
417 962
846 322
627 261
819 305
942 640
